1588118400000,7735.76,8988.66,7710.00,8784.20,871197.569,1588204799999,7297189826.77707,2033439,454524.100,3802441345.23856,0
